"Amazonas", "Guainía", "Guaviare", "Vaupés", "Vichada", "Extranjeros", "Sin información"),
`De 10-14 Años`= c(758, 289,275,381,69,69,113,205,250,329,175,106,170,206,
297,133,179,176,45,91,152,104,174,370,74,55,67,2,12,15,
23,10,24,43,1),
`De 15-19 Años`= c(14.315, 8.134, 10.676, 7.791, 2.455, 1.636, 1.804,3.964,5.057,
6.075, 6.120, 1.448, 4.072, 4.340, 5.861, 2.857, 3.541, 4.390,
1.042, 1.935, 4.650, 3.386, 3.684, 8.077, 1.207, 1.198, 1.059,
108, 338, 270, 311, 152, 361, 879, 30),
`De 20-24 Años`= c(21.614, 12.284, 23.358, 10.468, 3.641, 2.601, 2.048,5.041,6.646,
7.811, 10.368, 1.922, 5.317, 5.990, 7.178, 4.408, 4.933,6.663,1.752,
2.946, 8.156, 4.577, 4.918, 14.068, 1.491, 1.796, 1.283, 217, 329, 230,
389, 199, 340, 1.450, 36),
`De 25-29 Años`= c(17.763, 10.691, 22.275, 8.569, 3.334, 2.085, 1.491, 3.824, 5.371,
5.987, 8.658, 1.955, 4.304, 4.592, 5.312, 3.695, 3.872, 5.486,
1.391, 2.508, 7.417, 3.598, 3.864, 12.688, 1.102, 1.513, 907,
221, 288, 200, 272, 139, 240, 873, 20),
`De 30-34 Años`= c(12.279, 6.723, 17.427, 5.223, 2.471, 1.307, 937, 2.792, 3.310,
3.731, 5.704, 1.159, 2.784, 3.115, 3.126, 2.277, 2.751, 3.426,
824, 1.549, 5.039, 2.210, 2.612, 8.297, 682, 1.052, 598, 136,
226, 116, 182, 93, 157, 447, 11),
`De 35-39 Años`= c(6.349, 3.492, 10.568, 2.638, 1.404, 757, 469, 1.594, 1.614, 1.818,
3.045, 656, 1.505, 1.651, 1.478, 1.213, 1.580, 1.756, 446, 860, 2.701,
1.145, 1.460, 4.570, 342, 547, 381, 79, 138, 81, 93, 65, 130, 249, 3),
`De 40-44 Años`= c(1.454, 731, 2.452, 593, 391, 176, 148, 466, 401, 440, 752, 214, 397,
472, 379, 336, 438, 479, 115, 224, 665, 294, 390, 1.033, 81, 149, 122,
19, 41, 14, 30, 20, 22, 43, 2),
`De 45-49 Años`= c(92, 55, 137, 38, 36, 7, 12, 47, 27, 42, 44, 37, 26, 71, 31, 13, 33, 32,
4, 17, 58, 20, 40, 71, 5, 7, 8, 0, 7, 1, 2, 1, 4, 3, 1),
`De 50-54 Años`= c(13, 26, 23, 6, 0, 0, 1, 1, 3, 6, 1, 5, 3, 18, 5, 2, 0, 9,
0, 1, 2, 4, 3, 5, 2, 1, 2, 0, 0, 1, 1, 0, 1, 0, 0),
`Sin información`= c(0, 0, 0, 0, 0, 0, 0, 0, 0, 0, 0, 151, 0, 0, 0, 0, 519, 0, 0, 0, 0, 0,
0, 0, 0, 0, 0, 0, 0, 0, 0, 0, 0, 0, 0)
)
Nacimientos_2018<-data.frame(
Departamentos = c(" Antioquia","Atlántico", "Bogotá", "Bolivar", "Boyacá", "Caldas",
"Caquetá", "Cauca", "Cesar", "Córdoba", "Cundinamarca", "Chocó",
"Huila", "La Guajira", "Magdalena", "Meta", "Nariño", "Norte de Santander",
"Quindío", "Risaralda", "Santander", "Sucre", "Tolima", "Valle del Cauca",
"Arauca", "Casanare", "Putumayo", "Archipiélago de San Andrés y Providencia",
"Amazonas", "Guainía", "Guaviare", "Vaupés", "Vichada", "Extranjeros", "Sin información"),
`De 10-14 Años`= c(758, 289,275,381,69,69,113,205,250,329,175,106,170,206,
297,133,179,176,45,91,152,104,174,370,74,55,67,2,12,15,
23,10,24,43,1),
`De 15-19 Años`= c(14.315, 8.134, 10.676, 7.791, 2.455, 1.636, 1.804,3.964,5.057,
6.075, 6.120, 1.448, 4.072, 4.340, 5.861, 2.857, 3.541, 4.390,
1.042, 1.935, 4.650, 3.386, 3.684, 8.077, 1.207, 1.198, 1.059,
108, 338, 270, 311, 152, 361, 879, 30),
`De 20-24 Años`= c(21.614, 12.284, 23.358, 10.468, 3.641, 2.601, 2.048,5.041,6.646,
7.811, 10.368, 1.922, 5.317, 5.990, 7.178, 4.408, 4.933,6.663,1.752,
2.946, 8.156, 4.577, 4.918, 14.068, 1.491, 1.796, 1.283, 217, 329, 230,
389, 199, 340, 1.450, 36),
`De 25-29 Años`= c(17.763, 10.691, 22.275, 8.569, 3.334, 2.085, 1.491, 3.824, 5.371,
5.987, 8.658, 1.955, 4.304, 4.592, 5.312, 3.695, 3.872, 5.486,
1.391, 2.508, 7.417, 3.598, 3.864, 12.688, 1.102, 1.513, 907,
221, 288, 200, 272, 139, 240, 873, 20),
`De 30-34 Años`= c(12.279, 6.723, 17.427, 5.223, 2.471, 1.307, 937, 2.792, 3.310,
3.731, 5.704, 1.159, 2.784, 3.115, 3.126, 2.277, 2.751, 3.426,
824, 1.549, 5.039, 2.210, 2.612, 8.297, 682, 1.052, 598, 136,
226, 116, 182, 93, 157, 447, 11),
`De 35-39 Años`= c(6.349, 3.492, 10.568, 2.638, 1.404, 757, 469, 1.594, 1.614, 1.818,
3.045, 656, 1.505, 1.651, 1.478, 1.213, 1.580, 1.756, 446, 860, 2.701,
1.145, 1.460, 4.570, 342, 547, 381, 79, 138, 81, 93, 65, 130, 249, 3),
`De 40-44 Años`= c(1.454, 731, 2.452, 593, 391, 176, 148, 466, 401, 440, 752, 214, 397,
472, 379, 336, 438, 479, 115, 224, 665, 294, 390, 1.033, 81, 149, 122,
19, 41, 14, 30, 20, 22, 43, 2),
`De 45-49 Años`= c(92, 55, 137, 38, 36, 7, 12, 47, 27, 42, 44, 37, 26, 71, 31, 13, 33, 32,
4, 17, 58, 20, 40, 71, 5, 7, 8, 0, 7, 1, 2, 1, 4, 3, 1),
`De 50-54 Años`= c(13, 26, 23, 6, 0, 0, 1, 1, 3, 6, 1, 5, 3, 18, 5, 2, 0, 9,
0, 1, 2, 4, 3, 5, 2, 1, 2, 0, 0, 1, 1, 0, 1, 0, 0),
`Sin información`= c(0, 0, 0, 0, 0, 0, 0, 0, 0, 0, 0, 151, 0, 0, 0, 0, 519, 0, 0, 0, 0, 0,
0, 0, 0, 0, 0, 0, 0, 0, 0, 0, 0, 0, 0)
)
Nacimientos_2018<-data.frame(
Departamentos = c(" Antioquia","Atlántico", "Bogotá", "Bolivar", "Boyacá", "Caldas",
"Caquetá", "Cauca", "Cesar", "Córdoba", "Cundinamarca", "Chocó",
"Huila", "La Guajira", "Magdalena", "Meta", "Nariño", "Norte de Santander",
"Quindío", "Risaralda", "Santander", "Sucre", "Tolima", "Valle del Cauca",
"Arauca", "Casanare", "Putumayo", "Archipiélago de San Andrés y Providencia",
"Amazonas", "Guainía", "Guaviare", "Vaupés", "Vichada", "Extranjeros", "Sin información"),
`De 10-14 Años`= c(758, 289,275,381,69,69,113,205,250,329,175,106,170,206,
297,133,179,176,45,91,152,104,174,370,74,55,67,2,12,15,
23,10,24,43,1),
`De 15-19 Años`= c(14.315, 8.134, 10.676, 7.791, 2.455, 1.636, 1.804,3.964,5.057,
6.075, 6.120, 1.448, 4.072, 4.340, 5.861, 2.857, 3.541, 4.390,
1.042, 1.935, 4.650, 3.386, 3.684, 8.077, 1.207, 1.198, 1.059,
108, 338, 270, 311, 152, 361, 879, 30),
`De 20-24 Años`= c(21.614, 12.284, 23.358, 10.468, 3.641, 2.601, 2.048,5.041,6.646,
7.811, 10.368, 1.922, 5.317, 5.990, 7.178, 4.408, 4.933,6.663,1.752,
2.946, 8.156, 4.577, 4.918, 14.068, 1.491, 1.796, 1.283, 217, 329, 230,
389, 199, 340, 1.450, 36),
`De 25-29 Años`= c(17.763, 10.691, 22.275, 8.569, 3.334, 2.085, 1.491, 3.824, 5.371,
5.987, 8.658, 1.955, 4.304, 4.592, 5.312, 3.695, 3.872, 5.486,
1.391, 2.508, 7.417, 3.598, 3.864, 12.688, 1.102, 1.513, 907,
221, 288, 200, 272, 139, 240, 873, 20),
`De 30-34 Años`= c(12.279, 6.723, 17.427, 5.223, 2.471, 1.307, 937, 2.792, 3.310,
3.731, 5.704, 1.159, 2.784, 3.115, 3.126, 2.277, 2.751, 3.426,
824, 1.549, 5.039, 2.210, 2.612, 8.297, 682, 1.052, 598, 136,
226, 116, 182, 93, 157, 447, 11),
`De 35-39 Años`= c(6.349, 3.492, 10.568, 2.638, 1.404, 757, 469, 1.594, 1.614, 1.818,
3.045, 656, 1.505, 1.651, 1.478, 1.213, 1.580, 1.756, 446, 860, 2.701,
1.145, 1.460, 4.570, 342, 547, 381, 79, 138, 81, 93, 65, 130, 249, 3),
`De 40-44 Años`= c(1.454, 731, 2.452, 593, 391, 176, 148, 466, 401, 440, 752, 214, 397,
472, 379, 336, 438, 479, 115, 224, 665, 294, 390, 1.033, 81, 149, 122,
19, 41, 14, 30, 20, 22, 43, 2),
`De 45-49 Años`= c(92, 55, 137, 38, 36, 7, 12, 47, 27, 42, 44, 37, 26, 71, 31, 13, 33, 32,
4, 17, 58, 20, 40, 71, 5, 7, 8, 0, 7, 1, 2, 1, 4, 3, 1),
`De 50-54 Años`= c(13, 26, 23, 6, 0, 0, 1, 1, 3, 6, 1, 5, 3, 18, 5, 2, 0, 9,
0, 1, 2, 4, 3, 5, 2, 1, 2, 0, 0, 1, 1, 0, 1, 0, 0),
`Sin información`= c(0, 0, 0, 0, 0, 0, 0, 0, 0, 0, 0, 151, 0, 0, 0, 0, 519, 0, 0, 0, 0, 0,
0, 0, 0, 0, 0, 0, 0, 0, 0, 0, 0, 0, 0)
)
Nacimientos_2018<-data.frame(
Departamentos = c(" Antioquia","Atlántico", "Bogotá", "Bolivar", "Boyacá", "Caldas",
"Caquetá", "Cauca", "Cesar", "Córdoba", "Cundinamarca", "Chocó",
"Huila", "La Guajira", "Magdalena", "Meta", "Nariño", "Norte de Santander",
"Quindío", "Risaralda", "Santander", "Sucre", "Tolima", "Valle del Cauca",
"Arauca", "Casanare", "Putumayo", "Archipiélago de San Andrés y Providencia",
"Amazonas", "Guainía", "Guaviare", "Vaupés", "Vichada", "Extranjeros", "Sin información"),
`De 10-14 Años`= c(758, 289,275,381,69,69,113,205,250,329,175,106,170,206,
297,133,179,176,45,91,152,104,174,370,74,55,67,2,12,15,
23,10,24,43,1),
`De 15-19 Años`= c(14.315, 8.134, 10.676, 7.791, 2.455, 1.636, 1.804,3.964,5.057,
6.075, 6.120, 1.448, 4.072, 4.340, 5.861, 2.857, 3.541, 4.390,
1.042, 1.935, 4.650, 3.386, 3.684, 8.077, 1.207, 1.198, 1.059,
108, 338, 270, 311, 152, 361, 879, 30),
`De 20-24 Años`= c(21.614, 12.284, 23.358, 10.468, 3.641, 2.601, 2.048,5.041,6.646,
7.811, 10.368, 1.922, 5.317, 5.990, 7.178, 4.408, 4.933,6.663,1.752,
2.946, 8.156, 4.577, 4.918, 14.068, 1.491, 1.796, 1.283, 217, 329, 230,
389, 199, 340, 1.450, 36),
`De 25-29 Años`= c(17.763, 10.691, 22.275, 8.569, 3.334, 2.085, 1.491, 3.824, 5.371,
5.987, 8.658, 1.955, 4.304, 4.592, 5.312, 3.695, 3.872, 5.486,
1.391, 2.508, 7.417, 3.598, 3.864, 12.688, 1.102, 1.513, 907,
221, 288, 200, 272, 139, 240, 873, 20),
`De 30-34 Años`= c(12.279, 6.723, 17.427, 5.223, 2.471, 1.307, 937, 2.792, 3.310,
3.731, 5.704, 1.159, 2.784, 3.115, 3.126, 2.277, 2.751, 3.426,
824, 1.549, 5.039, 2.210, 2.612, 8.297, 682, 1.052, 598, 136,
226, 116, 182, 93, 157, 447, 11),
`De 35-39 Años`= c(6.349, 3.492, 10.568, 2.638, 1.404, 757, 469, 1.594, 1.614, 1.818,
3.045, 656, 1.505, 1.651, 1.478, 1.213, 1.580, 1.756, 446, 860, 2.701,
1.145, 1.460, 4.570, 342, 547, 381, 79, 138, 81, 93, 65, 130, 249, 3),
`De 40-44 Años`= c(1.454, 731, 2.452, 593, 391, 176, 148, 466, 401, 440, 752, 214, 397,
472, 379, 336, 438, 479, 115, 224, 665, 294, 390, 1.033, 81, 149, 122,
19, 41, 14, 30, 20, 22, 43, 2),
`De 45-49 Años`= c(92, 55, 137, 38, 36, 7, 12, 47, 27, 42, 44, 37, 26, 71, 31, 13, 33, 32,
4, 17, 58, 20, 40, 71, 5, 7, 8, 0, 7, 1, 2, 1, 4, 3, 1),
`De 50-54 Años`= c(13, 26, 23, 6, 0, 0, 1, 1, 3, 6, 1, 5, 3, 18, 5, 2, 0, 9,
0, 1, 2, 4, 3, 5, 2, 1, 2, 0, 0, 1, 1, 0, 1, 0, 0),
`Sin información`= c(0, 0, 0, 0, 0, 0, 0, 0, 0, 0, 0, 151, 0, 0, 0, 0, 519, 0, 0, 0, 0, 0,
0, 0, 0, 0, 0, 0, 0, 0, 0, 0, 0, 0, 0)
)
Nacimientos_2018<-data.frame(
Departamentos = c(" Antioquia","Atlántico", "Bogotá", "Bolivar", "Boyacá", "Caldas",
"Caquetá", "Cauca", "Cesar", "Córdoba", "Cundinamarca", "Chocó",
"Huila", "La Guajira", "Magdalena", "Meta", "Nariño", "Norte de Santander",
"Quindío", "Risaralda", "Santander", "Sucre", "Tolima", "Valle del Cauca",
"Arauca", "Casanare", "Putumayo", "Archipiélago de San Andrés y Providencia",
"Amazonas", "Guainía", "Guaviare", "Vaupés", "Vichada", "Extranjeros", "Sin información"),
`De 10-14 Años`= c(758, 289,275,381,69,69,113,205,250,329,175,106,170,206,
297,133,179,176,45,91,152,104,174,370,74,55,67,2,12,15,
23,10,24,43,1),
`De 15-19 Años`= c(14.315, 8.134, 10.676, 7.791, 2.455, 1.636, 1.804,3.964,5.057,
6.075, 6.120, 1.448, 4.072, 4.340, 5.861, 2.857, 3.541, 4.390,
1.042, 1.935, 4.650, 3.386, 3.684, 8.077, 1.207, 1.198, 1.059,
108, 338, 270, 311, 152, 361, 879, 30),
`De 20-24 Años`= c(21.614, 12.284, 23.358, 10.468, 3.641, 2.601, 2.048,5.041,6.646,
7.811, 10.368, 1.922, 5.317, 5.990, 7.178, 4.408, 4.933,6.663,1.752,
2.946, 8.156, 4.577, 4.918, 14.068, 1.491, 1.796, 1.283, 217, 329, 230,
389, 199, 340, 1.450, 36),
`De 25-29 Años`= c(17.763, 10.691, 22.275, 8.569, 3.334, 2.085, 1.491, 3.824, 5.371,
5.987, 8.658, 1.955, 4.304, 4.592, 5.312, 3.695, 3.872, 5.486,
1.391, 2.508, 7.417, 3.598, 3.864, 12.688, 1.102, 1.513, 907,
221, 288, 200, 272, 139, 240, 873, 20),
`De 30-34 Años`= c(12.279, 6.723, 17.427, 5.223, 2.471, 1.307, 937, 2.792, 3.310,
3.731, 5.704, 1.159, 2.784, 3.115, 3.126, 2.277, 2.751, 3.426,
824, 1.549, 5.039, 2.210, 2.612, 8.297, 682, 1.052, 598, 136,
226, 116, 182, 93, 157, 447, 11),
`De 35-39 Años`= c(6.349, 3.492, 10.568, 2.638, 1.404, 757, 469, 1.594, 1.614, 1.818,
3.045, 656, 1.505, 1.651, 1.478, 1.213, 1.580, 1.756, 446, 860, 2.701,
1.145, 1.460, 4.570, 342, 547, 381, 79, 138, 81, 93, 65, 130, 249, 3),
`De 40-44 Años`= c(1.454, 731, 2.452, 593, 391, 176, 148, 466, 401, 440, 752, 214, 397,
472, 379, 336, 438, 479, 115, 224, 665, 294, 390, 1.033, 81, 149, 122,
19, 41, 14, 30, 20, 22, 43, 2),
`De 45-49 Años`= c(92, 55, 137, 38, 36, 7, 12, 47, 27, 42, 44, 37, 26, 71, 31, 13, 33, 32,
4, 17, 58, 20, 40, 71, 5, 7, 8, 0, 7, 1, 2, 1, 4, 3, 1),
`De 50-54 Años`= c(13, 26, 23, 6, 0, 0, 1, 1, 3, 6, 1, 5, 3, 18, 5, 2, 0, 9,
0, 1, 2, 4, 3, 5, 2, 1, 2, 0, 0, 1, 1, 0, 1, 0, 0),
`Sin información`= c(0, 0, 0, 0, 0, 0, 0, 0, 0, 0, 0, 151, 0, 0, 0, 0, 519, 0, 0, 0, 0, 0,
0, 0, 0, 0, 0, 0, 0, 0, 0, 0, 0, 0, 0)
)
Nacimientos_2018
hist(Nacimientos_2018$De.25.29.Años, main = "Nacimientos 2018"
break= 80
hist(Nacimientos_2018$De.25.29.Años, main = "Nacimientos 2018"
breaks= 80
Nacimientos_2018<-data.frame(
Departamentos = c(" Antioquia","Atlántico", "Bogotá", "Bolivar", "Boyacá", "Caldas",
"Caquetá", "Cauca", "Cesar", "Córdoba", "Cundinamarca", "Chocó",
"Huila", "La Guajira", "Magdalena", "Meta", "Nariño", "Norte de Santander",
"Quindío", "Risaralda", "Santander", "Sucre", "Tolima", "Valle del Cauca",
"Arauca", "Casanare", "Putumayo", "Archipiélago de San Andrés y Providencia",
"Amazonas", "Guainía", "Guaviare", "Vaupés", "Vichada", "Extranjeros", "Sin información"),
`De 10-14 Años`= c(758, 289,275,381,69,69,113,205,250,329,175,106,170,206,
297,133,179,176,45,91,152,104,174,370,74,55,67,2,12,15,
23,10,24,43,1),
`De 15-19 Años`= c(14.315, 8.134, 10.676, 7.791, 2.455, 1.636, 1.804,3.964,5.057,
6.075, 6.120, 1.448, 4.072, 4.340, 5.861, 2.857, 3.541, 4.390,
1.042, 1.935, 4.650, 3.386, 3.684, 8.077, 1.207, 1.198, 1.059,
108, 338, 270, 311, 152, 361, 879, 30),
`De 20-24 Años`= c(21.614, 12.284, 23.358, 10.468, 3.641, 2.601, 2.048,5.041,6.646,
7.811, 10.368, 1.922, 5.317, 5.990, 7.178, 4.408, 4.933,6.663,1.752,
2.946, 8.156, 4.577, 4.918, 14.068, 1.491, 1.796, 1.283, 217, 329, 230,
389, 199, 340, 1.450, 36),
`De 25-29 Años`= c(17.763, 10.691, 22.275, 8.569, 3.334, 2.085, 1.491, 3.824, 5.371,
5.987, 8.658, 1.955, 4.304, 4.592, 5.312, 3.695, 3.872, 5.486,
1.391, 2.508, 7.417, 3.598, 3.864, 12.688, 1.102, 1.513, 907,
221, 288, 200, 272, 139, 240, 873, 20),
`De 30-34 Años`= c(12.279, 6.723, 17.427, 5.223, 2.471, 1.307, 937, 2.792, 3.310,
3.731, 5.704, 1.159, 2.784, 3.115, 3.126, 2.277, 2.751, 3.426,
824, 1.549, 5.039, 2.210, 2.612, 8.297, 682, 1.052, 598, 136,
226, 116, 182, 93, 157, 447, 11),
`De 35-39 Años`= c(6.349, 3.492, 10.568, 2.638, 1.404, 757, 469, 1.594, 1.614, 1.818,
3.045, 656, 1.505, 1.651, 1.478, 1.213, 1.580, 1.756, 446, 860, 2.701,
1.145, 1.460, 4.570, 342, 547, 381, 79, 138, 81, 93, 65, 130, 249, 3),
`De 40-44 Años`= c(1.454, 731, 2.452, 593, 391, 176, 148, 466, 401, 440, 752, 214, 397,
472, 379, 336, 438, 479, 115, 224, 665, 294, 390, 1.033, 81, 149, 122,
19, 41, 14, 30, 20, 22, 43, 2),
`De 45-49 Años`= c(92, 55, 137, 38, 36, 7, 12, 47, 27, 42, 44, 37, 26, 71, 31, 13, 33, 32,
4, 17, 58, 20, 40, 71, 5, 7, 8, 0, 7, 1, 2, 1, 4, 3, 1),
`De 50-54 Años`= c(13, 26, 23, 6, 0, 0, 1, 1, 3, 6, 1, 5, 3, 18, 5, 2, 0, 9,
0, 1, 2, 4, 3, 5, 2, 1, 2, 0, 0, 1, 1, 0, 1, 0, 0),
`Sin información`= c(0, 0, 0, 0, 0, 0, 0, 0, 0, 0, 0, 151, 0, 0, 0, 0, 519, 0, 0, 0, 0, 0,
0, 0, 0, 0, 0, 0, 0, 0, 0, 0, 0, 0, 0)
)
hist(Nacimientos_2018$De.25.29.Años, main = "Nacimientos 2018"
breaks= 80
barplot(Nacimientos_2018$, col = "red")
barplot(Nacimientos_2018$De.10.14.Años,  col = "red")
Nacimientos_2018<-data.frame(
Departamentos = c(" Antioquia","Atlántico", "Bogotá", "Bolivar", "Boyacá", "Caldas",
"Caquetá", "Cauca", "Cesar", "Córdoba", "Cundinamarca", "Chocó",
"Huila", "La Guajira", "Magdalena", "Meta", "Nariño", "Norte de Santander",
"Quindío", "Risaralda", "Santander", "Sucre", "Tolima", "Valle del Cauca",
"Arauca", "Casanare", "Putumayo", "Archipiélago de San Andrés y Providencia",
"Amazonas", "Guainía", "Guaviare", "Vaupés", "Vichada", "Extranjeros", "Sin información"),
`De 10-14 Años`= c(758, 289,275,381,69,69,113,205,250,329,175,106,170,206,
297,133,179,176,45,91,152,104,174,370,74,55,67,2,12,15,
23,10,24,43,1),
`De 15-19 Años`= c(14.315, 8.134, 10.676, 7.791, 2.455, 1.636, 1.804,3.964,5.057,
6.075, 6.120, 1.448, 4.072, 4.340, 5.861, 2.857, 3.541, 4.390,
1.042, 1.935, 4.650, 3.386, 3.684, 8.077, 1.207, 1.198, 1.059,
108, 338, 270, 311, 152, 361, 879, 30),
`De 20-24 Años`= c(21.614, 12.284, 23.358, 10.468, 3.641, 2.601, 2.048,5.041,6.646,
7.811, 10.368, 1.922, 5.317, 5.990, 7.178, 4.408, 4.933,6.663,1.752,
2.946, 8.156, 4.577, 4.918, 14.068, 1.491, 1.796, 1.283, 217, 329, 230,
389, 199, 340, 1.450, 36),
`De 25-29 Años`= c(17.763, 10.691, 22.275, 8.569, 3.334, 2.085, 1.491, 3.824, 5.371,
5.987, 8.658, 1.955, 4.304, 4.592, 5.312, 3.695, 3.872, 5.486,
1.391, 2.508, 7.417, 3.598, 3.864, 12.688, 1.102, 1.513, 907,
221, 288, 200, 272, 139, 240, 873, 20),
`De 30-34 Años`= c(12.279, 6.723, 17.427, 5.223, 2.471, 1.307, 937, 2.792, 3.310,
3.731, 5.704, 1.159, 2.784, 3.115, 3.126, 2.277, 2.751, 3.426,
824, 1.549, 5.039, 2.210, 2.612, 8.297, 682, 1.052, 598, 136,
226, 116, 182, 93, 157, 447, 11),
`De 35-39 Años`= c(6.349, 3.492, 10.568, 2.638, 1.404, 757, 469, 1.594, 1.614, 1.818,
3.045, 656, 1.505, 1.651, 1.478, 1.213, 1.580, 1.756, 446, 860, 2.701,
1.145, 1.460, 4.570, 342, 547, 381, 79, 138, 81, 93, 65, 130, 249, 3),
`De 40-44 Años`= c(1.454, 731, 2.452, 593, 391, 176, 148, 466, 401, 440, 752, 214, 397,
472, 379, 336, 438, 479, 115, 224, 665, 294, 390, 1.033, 81, 149, 122,
19, 41, 14, 30, 20, 22, 43, 2),
`De 45-49 Años`= c(92, 55, 137, 38, 36, 7, 12, 47, 27, 42, 44, 37, 26, 71, 31, 13, 33, 32,
4, 17, 58, 20, 40, 71, 5, 7, 8, 0, 7, 1, 2, 1, 4, 3, 1),
`De 50-54 Años`= c(13, 26, 23, 6, 0, 0, 1, 1, 3, 6, 1, 5, 3, 18, 5, 2, 0, 9,
0, 1, 2, 4, 3, 5, 2, 1, 2, 0, 0, 1, 1, 0, 1, 0, 0),
`Sin información`= c(0, 0, 0, 0, 0, 0, 0, 0, 0, 0, 0, 151, 0, 0, 0, 0, 519, 0, 0, 0, 0, 0,
0, 0, 0, 0, 0, 0, 0, 0, 0, 0, 0, 0, 0)
)
Nacimientos_2018<-data.frame(
Departamentos = c(" Antioquia","Atlántico", "Bogotá", "Bolivar", "Boyacá", "Caldas",
"Caquetá", "Cauca", "Cesar", "Córdoba", "Cundinamarca", "Chocó",
"Huila", "La Guajira", "Magdalena", "Meta", "Nariño", "Norte de Santander",
"Quindío", "Risaralda", "Santander", "Sucre", "Tolima", "Valle del Cauca",
"Arauca", "Casanare", "Putumayo", "Archipiélago de San Andrés y Providencia",
"Amazonas", "Guainía", "Guaviare", "Vaupés", "Vichada", "Extranjeros", "Sin información"),
`De 10-14 Años`= c(758, 289,275,381,69,69,113,205,250,329,175,106,170,206,
297,133,179,176,45,91,152,104,174,370,74,55,67,2,12,15,
23,10,24,43,1),
`De 15-19 Años`= c(14.315, 8.134, 10.676, 7.791, 2.455, 1.636, 1.804,3.964,5.057,
6.075, 6.120, 1.448, 4.072, 4.340, 5.861, 2.857, 3.541, 4.390,
1.042, 1.935, 4.650, 3.386, 3.684, 8.077, 1.207, 1.198, 1.059,
108, 338, 270, 311, 152, 361, 879, 30),
`De 20-24 Años`= c(21.614, 12.284, 23.358, 10.468, 3.641, 2.601, 2.048,5.041,6.646,
7.811, 10.368, 1.922, 5.317, 5.990, 7.178, 4.408, 4.933,6.663,1.752,
2.946, 8.156, 4.577, 4.918, 14.068, 1.491, 1.796, 1.283, 217, 329, 230,
389, 199, 340, 1.450, 36),
`De 25-29 Años`= c(17.763, 10.691, 22.275, 8.569, 3.334, 2.085, 1.491, 3.824, 5.371,
5.987, 8.658, 1.955, 4.304, 4.592, 5.312, 3.695, 3.872, 5.486,
1.391, 2.508, 7.417, 3.598, 3.864, 12.688, 1.102, 1.513, 907,
221, 288, 200, 272, 139, 240, 873, 20),
`De 30-34 Años`= c(12.279, 6.723, 17.427, 5.223, 2.471, 1.307, 937, 2.792, 3.310,
3.731, 5.704, 1.159, 2.784, 3.115, 3.126, 2.277, 2.751, 3.426,
824, 1.549, 5.039, 2.210, 2.612, 8.297, 682, 1.052, 598, 136,
226, 116, 182, 93, 157, 447, 11),
`De 35-39 Años`= c(6.349, 3.492, 10.568, 2.638, 1.404, 757, 469, 1.594, 1.614, 1.818,
3.045, 656, 1.505, 1.651, 1.478, 1.213, 1.580, 1.756, 446, 860, 2.701,
1.145, 1.460, 4.570, 342, 547, 381, 79, 138, 81, 93, 65, 130, 249, 3),
`De 40-44 Años`= c(1.454, 731, 2.452, 593, 391, 176, 148, 466, 401, 440, 752, 214, 397,
472, 379, 336, 438, 479, 115, 224, 665, 294, 390, 1.033, 81, 149, 122,
19, 41, 14, 30, 20, 22, 43, 2),
`De 45-49 Años`= c(92, 55, 137, 38, 36, 7, 12, 47, 27, 42, 44, 37, 26, 71, 31, 13, 33, 32,
4, 17, 58, 20, 40, 71, 5, 7, 8, 0, 7, 1, 2, 1, 4, 3, 1),
`De 50-54 Años`= c(13, 26, 23, 6, 0, 0, 1, 1, 3, 6, 1, 5, 3, 18, 5, 2, 0, 9,
0, 1, 2, 4, 3, 5, 2, 1, 2, 0, 0, 1, 1, 0, 1, 0, 0),
`Sin información`= c(0, 0, 0, 0, 0, 0, 0, 0, 0, 0, 0, 151, 0, 0, 0, 0, 519, 0, 0, 0, 0, 0,
0, 0, 0, 0, 0, 0, 0, 0, 0, 0, 0, 0, 0)
)
Nacimientos_2018
hist(Nacimientos_2018$De.30.34.Años, main = "Nacimientos 2018",
breaks = 80,
xlab = "Cantidades",
ylab = "Edades",
col = "green")
hist(Nacimientos_2018$De.30.34.Años, main = "Nacimientos 2018",
breaks = 80,
xlab = departamentos,
ylab = "Edades",
col = "green")
hist(Nacimientos_2018$De.30.34.Años, main = "Nacimientos 2018",
breaks = 80,
xlab = "Cantidades",
ylab = departamentos,
col = "green")
barplot(Nacimientos_2018$De.50.54.Años)
Nacimientos_2018<-data.frame(
Departamentos <- c(" Antioquia","Atlántico", "Bogotá", "Bolivar", "Boyacá", "Caldas",
"Caquetá", "Cauca", "Cesar", "Córdoba", "Cundinamarca", "Chocó",
"Huila", "La Guajira", "Magdalena", "Meta", "Nariño", "Norte de Santander",
"Quindío", "Risaralda", "Santander", "Sucre", "Tolima", "Valle del Cauca",
"Arauca", "Casanare", "Putumayo", "Archipiélago de San Andrés y Providencia",
"Amazonas", "Guainía", "Guaviare", "Vaupés", "Vichada", "Extranjeros", "Sin información"),
`De 10-14 Años`= c(758, 289,275,381,69,69,113,205,250,329,175,106,170,206,
297,133,179,176,45,91,152,104,174,370,74,55,67,2,12,15,
23,10,24,43,1),
`De 15-19 Años`= c(14.315, 8.134, 10.676, 7.791, 2.455, 1.636, 1.804,3.964,5.057,
6.075, 6.120, 1.448, 4.072, 4.340, 5.861, 2.857, 3.541, 4.390,
1.042, 1.935, 4.650, 3.386, 3.684, 8.077, 1.207, 1.198, 1.059,
108, 338, 270, 311, 152, 361, 879, 30),
`De 20-24 Años`= c(21.614, 12.284, 23.358, 10.468, 3.641, 2.601, 2.048,5.041,6.646,
7.811, 10.368, 1.922, 5.317, 5.990, 7.178, 4.408, 4.933,6.663,1.752,
2.946, 8.156, 4.577, 4.918, 14.068, 1.491, 1.796, 1.283, 217, 329, 230,
389, 199, 340, 1.450, 36),
`De 25-29 Años`= c(17.763, 10.691, 22.275, 8.569, 3.334, 2.085, 1.491, 3.824, 5.371,
5.987, 8.658, 1.955, 4.304, 4.592, 5.312, 3.695, 3.872, 5.486,
1.391, 2.508, 7.417, 3.598, 3.864, 12.688, 1.102, 1.513, 907,
221, 288, 200, 272, 139, 240, 873, 20),
`De 30-34 Años`= c(12.279, 6.723, 17.427, 5.223, 2.471, 1.307, 937, 2.792, 3.310,
3.731, 5.704, 1.159, 2.784, 3.115, 3.126, 2.277, 2.751, 3.426,
824, 1.549, 5.039, 2.210, 2.612, 8.297, 682, 1.052, 598, 136,
226, 116, 182, 93, 157, 447, 11),
`De 35-39 Años`= c(6.349, 3.492, 10.568, 2.638, 1.404, 757, 469, 1.594, 1.614, 1.818,
3.045, 656, 1.505, 1.651, 1.478, 1.213, 1.580, 1.756, 446, 860, 2.701,
1.145, 1.460, 4.570, 342, 547, 381, 79, 138, 81, 93, 65, 130, 249, 3),
`De 40-44 Años`= c(1.454, 731, 2.452, 593, 391, 176, 148, 466, 401, 440, 752, 214, 397,
472, 379, 336, 438, 479, 115, 224, 665, 294, 390, 1.033, 81, 149, 122,
19, 41, 14, 30, 20, 22, 43, 2),
`De 45-49 Años`= c(92, 55, 137, 38, 36, 7, 12, 47, 27, 42, 44, 37, 26, 71, 31, 13, 33, 32,
4, 17, 58, 20, 40, 71, 5, 7, 8, 0, 7, 1, 2, 1, 4, 3, 1),
`De 50-54 Años`= c(13, 26, 23, 6, 0, 0, 1, 1, 3, 6, 1, 5, 3, 18, 5, 2, 0, 9,
0, 1, 2, 4, 3, 5, 2, 1, 2, 0, 0, 1, 1, 0, 1, 0, 0),
`Sin información`= c(0, 0, 0, 0, 0, 0, 0, 0, 0, 0, 0, 151, 0, 0, 0, 0, 519, 0, 0, 0, 0, 0,
0, 0, 0, 0, 0, 0, 0, 0, 0, 0, 0, 0, 0)
)
Nacimientos_2018
Nacimientos_2018<-data.frame(
Departamentos = c(" Antioquia","Atlántico", "Bogotá", "Bolivar", "Boyacá", "Caldas",
"Caquetá", "Cauca", "Cesar", "Córdoba", "Cundinamarca", "Chocó",
"Huila", "La Guajira", "Magdalena", "Meta", "Nariño", "Norte de Santander",
"Quindío", "Risaralda", "Santander", "Sucre", "Tolima", "Valle del Cauca",
"Arauca", "Casanare", "Putumayo", "Archipiélago de San Andrés y Providencia",
"Amazonas", "Guainía", "Guaviare", "Vaupés", "Vichada", "Extranjeros", "Sin información"),
`De 10-14 Años`= c(758, 289,275,381,69,69,113,205,250,329,175,106,170,206,
297,133,179,176,45,91,152,104,174,370,74,55,67,2,12,15,
23,10,24,43,1),
`De 15-19 Años`= c(14.315, 8.134, 10.676, 7.791, 2.455, 1.636, 1.804,3.964,5.057,
6.075, 6.120, 1.448, 4.072, 4.340, 5.861, 2.857, 3.541, 4.390,
1.042, 1.935, 4.650, 3.386, 3.684, 8.077, 1.207, 1.198, 1.059,
108, 338, 270, 311, 152, 361, 879, 30),
`De 20-24 Años`= c(21.614, 12.284, 23.358, 10.468, 3.641, 2.601, 2.048,5.041,6.646,
7.811, 10.368, 1.922, 5.317, 5.990, 7.178, 4.408, 4.933,6.663,1.752,
2.946, 8.156, 4.577, 4.918, 14.068, 1.491, 1.796, 1.283, 217, 329, 230,
389, 199, 340, 1.450, 36),
`De 25-29 Años`= c(17.763, 10.691, 22.275, 8.569, 3.334, 2.085, 1.491, 3.824, 5.371,
5.987, 8.658, 1.955, 4.304, 4.592, 5.312, 3.695, 3.872, 5.486,
1.391, 2.508, 7.417, 3.598, 3.864, 12.688, 1.102, 1.513, 907,
221, 288, 200, 272, 139, 240, 873, 20),
`De 30-34 Años`= c(12.279, 6.723, 17.427, 5.223, 2.471, 1.307, 937, 2.792, 3.310,
3.731, 5.704, 1.159, 2.784, 3.115, 3.126, 2.277, 2.751, 3.426,
824, 1.549, 5.039, 2.210, 2.612, 8.297, 682, 1.052, 598, 136,
226, 116, 182, 93, 157, 447, 11),
`De 35-39 Años`= c(6.349, 3.492, 10.568, 2.638, 1.404, 757, 469, 1.594, 1.614, 1.818,
3.045, 656, 1.505, 1.651, 1.478, 1.213, 1.580, 1.756, 446, 860, 2.701,
1.145, 1.460, 4.570, 342, 547, 381, 79, 138, 81, 93, 65, 130, 249, 3),
`De 40-44 Años`= c(1.454, 731, 2.452, 593, 391, 176, 148, 466, 401, 440, 752, 214, 397,
472, 379, 336, 438, 479, 115, 224, 665, 294, 390, 1.033, 81, 149, 122,
19, 41, 14, 30, 20, 22, 43, 2),
`De 45-49 Años`= c(92, 55, 137, 38, 36, 7, 12, 47, 27, 42, 44, 37, 26, 71, 31, 13, 33, 32,
4, 17, 58, 20, 40, 71, 5, 7, 8, 0, 7, 1, 2, 1, 4, 3, 1),
`De 50-54 Años`= c(13, 26, 23, 6, 0, 0, 1, 1, 3, 6, 1, 5, 3, 18, 5, 2, 0, 9,
0, 1, 2, 4, 3, 5, 2, 1, 2, 0, 0, 1, 1, 0, 1, 0, 0),
`Sin información`= c(0, 0, 0, 0, 0, 0, 0, 0, 0, 0, 0, 151, 0, 0, 0, 0, 519, 0, 0, 0, 0, 0,
0, 0, 0, 0, 0, 0, 0, 0, 0, 0, 0, 0, 0)
)
Nacimientos_2018<-data.frame(
Departamentos = c(" Antioquia","Atlántico", "Bogotá", "Bolivar", "Boyacá", "Caldas",
"Caquetá", "Cauca", "Cesar", "Córdoba", "Cundinamarca", "Chocó",
"Huila", "La Guajira", "Magdalena", "Meta", "Nariño", "Norte de Santander",
"Quindío", "Risaralda", "Santander", "Sucre", "Tolima", "Valle del Cauca",
"Arauca", "Casanare", "Putumayo", "Archipiélago de San Andrés y Providencia",
"Amazonas", "Guainía", "Guaviare", "Vaupés", "Vichada", "Extranjeros", "Sin información"),
`De 10-14 Años`= c(758, 289,275,381,69,69,113,205,250,329,175,106,170,206,
297,133,179,176,45,91,152,104,174,370,74,55,67,2,12,15,
23,10,24,43,1),
`De 15-19 Años`= c(14.315, 8.134, 10.676, 7.791, 2.455, 1.636, 1.804,3.964,5.057,
6.075, 6.120, 1.448, 4.072, 4.340, 5.861, 2.857, 3.541, 4.390,
1.042, 1.935, 4.650, 3.386, 3.684, 8.077, 1.207, 1.198, 1.059,
108, 338, 270, 311, 152, 361, 879, 30),
`De 20-24 Años`= c(21.614, 12.284, 23.358, 10.468, 3.641, 2.601, 2.048,5.041,6.646,
7.811, 10.368, 1.922, 5.317, 5.990, 7.178, 4.408, 4.933,6.663,1.752,
2.946, 8.156, 4.577, 4.918, 14.068, 1.491, 1.796, 1.283, 217, 329, 230,
389, 199, 340, 1.450, 36),
`De 25-29 Años`= c(17.763, 10.691, 22.275, 8.569, 3.334, 2.085, 1.491, 3.824, 5.371,
5.987, 8.658, 1.955, 4.304, 4.592, 5.312, 3.695, 3.872, 5.486,
1.391, 2.508, 7.417, 3.598, 3.864, 12.688, 1.102, 1.513, 907,
221, 288, 200, 272, 139, 240, 873, 20),
`De 30-34 Años`= c(12.279, 6.723, 17.427, 5.223, 2.471, 1.307, 937, 2.792, 3.310,
3.731, 5.704, 1.159, 2.784, 3.115, 3.126, 2.277, 2.751, 3.426,
824, 1.549, 5.039, 2.210, 2.612, 8.297, 682, 1.052, 598, 136,
226, 116, 182, 93, 157, 447, 11),
`De 35-39 Años`= c(6.349, 3.492, 10.568, 2.638, 1.404, 757, 469, 1.594, 1.614, 1.818,
3.045, 656, 1.505, 1.651, 1.478, 1.213, 1.580, 1.756, 446, 860, 2.701,
1.145, 1.460, 4.570, 342, 547, 381, 79, 138, 81, 93, 65, 130, 249, 3),
`De 40-44 Años`= c(1.454, 731, 2.452, 593, 391, 176, 148, 466, 401, 440, 752, 214, 397,
472, 379, 336, 438, 479, 115, 224, 665, 294, 390, 1.033, 81, 149, 122,
19, 41, 14, 30, 20, 22, 43, 2),
`De 45-49 Años`= c(92, 55, 137, 38, 36, 7, 12, 47, 27, 42, 44, 37, 26, 71, 31, 13, 33, 32,
4, 17, 58, 20, 40, 71, 5, 7, 8, 0, 7, 1, 2, 1, 4, 3, 1),
`De 50-54 Años`= c(13, 26, 23, 6, 0, 0, 1, 1, 3, 6, 1, 5, 3, 18, 5, 2, 0, 9,
0, 1, 2, 4, 3, 5, 2, 1, 2, 0, 0, 1, 1, 0, 1, 0, 0),
`Sin información`= c(0, 0, 0, 0, 0, 0, 0, 0, 0, 0, 0, 151, 0, 0, 0, 0, 519, 0, 0, 0, 0, 0,
0, 0, 0, 0, 0, 0, 0, 0, 0, 0, 0, 0, 0)
)
Nacimientos_2018
barplot(Nacimientos_2018$De.50.54.Años)
barplot(Nacimientos_2019$`De 10-14 Años`, col = "green")
barplot(Nacimientos_2018$De.50.54.Años)
#Dataframe del 2019
Nacimientos_2019
Nacimientos_2018
View(Nacimientos_2020)
# Pruebas
# Nacimientos de 10 - 14 años
barplot(Nacimientos_2018$`De 10-14 Años`, col = "red")
# Pruebas
# Nacimientos de 10 - 14 años
barplot(Nacimientos_2018$`De 10-14 Años`, col = "red")
(Nacimientos_2019$`De 10-14 Años`, col = "green")
barplot(Nacimientos_2019$`De 10-14 Años`, col = "green")
barplot(Nacimientos_2020$`De 10-14 Años`, col = "orange")
(Nacimientos_2021$`De 10-14 Años`, col = "yellow")
barplot(Nacimientos_2021$`De 10-14 Años`, col = "yellow")
barplot(Nacimientos_2022$`De 10-14 Años`, col = "blue")
barplot(Nacimientos_2022$`De 10-14 Años`, col = "blue")
#Vectores de 10-14 años 2018
#Numerico
nacimientos <- c(758,289,275,381,69, 69, 113, 205, 250, 329, 175, 106,
170, 206, 297, 133, 179, 176, 45, 91, 152, 104, 174, 370,
74, 55, 67, 2, 12, 15, 23, 10, 24, 43, 1)
(departamentos)
(departamentos)
#¿Cuántos departamentos hay?
length(departamentos)
# Mayor y menor cantidad de nacimientos
max(nacimientos)
#De 10 a 14 años
#2018
max(Nacimientos_2018$`De 10-14 Años`)
min(Nacimientos_2018$`De 10-14 Años`)
#De 10 a 14 años
#2018
max(Nacimientos_2018$`De 10-14 Años`)
min(Nacimientos_2018$`De 10-14 Años`)
Nacimientos_2018
Nacimientos_2018
min(Nacimientos_2021$`De 10-14 Años`)
#2021
max(Nacimientos_2021$`De 10-14 Años`)
#2022
max(Nacimientos_2022$`De 10-14 Años`)
# ¿Cuál es el promedio de nacimientos?
mean(nacimientos)
# ¿Cuántos nacimientos hubieron entre la edad de 10-14 años en el 2018?
sum(nacimientos)
#2022
max(Nacimientos_2022$`Departamento de residencia de la madre`)
(Nacimientos_2022$`Departamento de residencia de la madre`)
min(Nacimientos_2022$`Departamento de residencia de la madre`)
View(Nacimientos_2022)
View(Nacimientos_2022)
#2022
Nacimientos_2022$`Departamento de residencia de la madre`[Nacimientos_2022$`De 10-14 Años`==max(Nacimientos_2022$`De 10-14 Años`) ]
#2022
Nacimientos_2022$`Departamento de residencia de la madre`[Nacimientos_2022$`De 10-14 Años`==
max(Nacimientos_2022$`De 10-14 Años`) ]
